4 0.782171 0.813673 0.162194 0.095617
3 0.794236 0.498660 0.101880 0.244852
2 0.764074 0.309654 0.190352 0.100988
1 0.793565 0.222519 0.154148 0.098296
7 0.771111 0.113938 0.166889 0.115284
0 0.779153 0.689012 0.192361 0.119753
12 0.616620 0.784185 0.097852 0.126000
12 0.609250 0.653710 0.095167 0.127790
11 0.598523 0.884272 0.167565 0.129580
9 0.596176 0.285969 0.097185 0.209123
10 0.588806 0.421358 0.140074 0.097407
13 0.609917 0.540660 0.159518 0.128679
8 0.595176 0.114389 0.155500 0.139420
20 0.406838 0.710012 0.158176 0.120642
16 0.413870 0.836457 0.132037 0.148346
22 0.424597 0.496426 0.110583 0.075963
22 0.420574 0.556747 0.111926 0.087568
22 0.422921 0.619309 0.107231 0.078642
19 0.411866 0.366846 0.119972 0.131370
19 0.419236 0.243074 0.122657 0.126889
30 0.258713 0.544235 0.162204 0.101877
28 0.255023 0.442364 0.150806 0.126901
29 0.259384 0.304735 0.168898 0.121543
29 0.259046 0.212691 0.166889 0.114395
23 0.276810 0.864611 0.126009 0.193914
23 0.272116 0.677839 0.120639 0.184988
