4 0.415907 0.208670 0.221500 0.152810
4 0.499167 0.819482 0.095259 0.271677
7 0.209116 0.248884 0.120824 0.222511
8 0.884870 0.262286 0.219185 0.165321
8 0.888801 0.415994 0.222398 0.172479
10 0.688532 0.830657 0.139417 0.265417
11 0.384153 0.812778 0.144065 0.306517
13 0.171935 0.741287 0.148704 0.299370
13 0.158384 0.533964 0.242417 0.156389
10 0.321417 0.474081 0.105333 0.226090
12 0.407389 0.333333 0.136315 0.144765
16 0.651741 0.158178 0.192852 0.132254
16 0.664139 0.319038 0.188204 0.135833
22 0.684273 0.536191 0.106102 0.189455
22 0.468574 0.502233 0.102241 0.185876
22 0.556866 0.516533 0.102231 0.180524
