3 0.870958 0.517877 0.191528 0.184987
3 0.746074 0.575965 0.192833 0.176049
2 0.605338 0.529488 0.102880 0.235038
7 0.241356 0.830205 0.141065 0.291330
13 0.474954 0.294457 0.086704 0.165332
8 0.632514 0.849418 0.184417 0.299373
10 0.252685 0.441464 0.088648 0.173363
11 0.071824 0.469616 0.115185 0.233248
16 0.291509 0.563894 0.157241 0.159067
19 0.156269 0.462916 0.109352 0.185882
22 0.735074 0.386503 0.063407 0.147455
22 0.792986 0.368638 0.057583 0.145665
22 0.854134 0.345844 0.059528 0.155499
24 0.181181 0.684987 0.133306 0.172481
29 0.754810 0.255141 0.077009 0.127801
29 0.820486 0.234584 0.073769 0.149246
30 0.557130 0.306522 0.062111 0.185882
