7 0.205093 0.383824 0.052722 0.079537
0 0.265861 0.384718 0.065241 0.102769
2 0.333333 0.389185 0.042889 0.100981
4 0.382037 0.395889 0.040222 0.085796
28 0.572301 0.725227 0.074861 0.115898
28 0.699148 0.715519 0.072981 0.112130
28 0.896634 0.709722 0.070787 0.106185
28 0.821153 0.714264 0.078935 0.109620
28 0.756944 0.708315 0.068907 0.109000
28 0.631495 0.721310 0.078620 0.110565
29 0.569009 0.593519 0.063278 0.101167
29 0.833366 0.607144 0.066398 0.100231
29 0.777926 0.611685 0.065148 0.101796
29 0.722019 0.605579 0.065463 0.100861
29 0.667986 0.603852 0.062639 0.104926
29 0.613954 0.589759 0.059204 0.103056
29 0.772444 0.516468 0.057944 0.091769
26 0.894597 0.558435 0.077991 0.069222
26 0.954111 0.560162 0.061074 0.075176
26 0.947222 0.630009 0.069222 0.078926
30 0.601060 0.505417 0.093028 0.046519
30 0.691745 0.497056 0.094602 0.040241
30 0.561861 0.470921 0.097222 0.043380
30 0.652801 0.469093 0.101398 0.041815
23 0.496005 0.424671 0.052269 0.094083
23 0.678412 0.405329 0.054361 0.089898
23 0.625625 0.407944 0.050176 0.088852
23 0.578324 0.409509 0.048611 0.088852
23 0.535204 0.410296 0.056444 0.083111
24 0.923278 0.459426 0.074741 0.086241
24 0.852458 0.475889 0.080491 0.074222
24 0.765958 0.421269 0.094602 0.072648
