7 0.246648 0.439231 0.097716 0.129574
1 0.336019 0.447273 0.076259 0.106343
4 0.423000 0.446824 0.083407 0.117963
3 0.507593 0.437000 0.102469 0.142981
2 0.607086 0.439231 0.086988 0.133148
2 0.714327 0.432083 0.091741 0.126000
4 0.871019 0.451741 0.095321 0.122426
12 0.924636 0.627796 0.119148 0.079537
9 0.526068 0.589366 0.089370 0.126009
11 0.444444 0.600093 0.088173 0.142093
13 0.337802 0.596519 0.108420 0.142093
10 0.693481 0.583556 0.088173 0.135833
12 0.620198 0.600537 0.094123 0.075074
11 0.833481 0.589361 0.098889 0.152815
18 0.160858 0.291329 0.138210 0.134046
19 0.277031 0.289546 0.103667 0.103667
16 0.381889 0.289542 0.086988 0.116176
20 0.455765 0.271671 0.086988 0.139417
22 0.539173 0.293120 0.067926 0.096519
22 0.607685 0.291778 0.073864 0.102778
22 0.673815 0.296694 0.084593 0.107241
19 0.859099 0.308310 0.116765 0.101880
29 0.829346 0.154537 0.108938 0.137574
26 0.679265 0.117227 0.121173 0.099639
30 0.585321 0.121185 0.074494 0.142574
29 0.408562 0.114856 0.104506 0.138824
28 0.316290 0.110060 0.111173 0.127565
23 0.505562 0.112977 0.091716 0.145917
