2 0.101880 0.348972 0.139407 0.170685
3 0.175606 0.492852 0.268991 0.127796
4 0.415995 0.272116 0.115287 0.158176
12 0.106792 0.663093 0.170694 0.168000
8 0.794463 0.693926 0.173370 0.226093
9 0.717606 0.446829 0.175157 0.157287
10 0.818593 0.309653 0.121537 0.202861
16 0.411977 0.559875 0.212694 0.136731
20 0.609472 0.691241 0.166222 0.238611
28 0.343611 0.753352 0.240389 0.216259
29 0.269435 0.302505 0.138519 0.199287
26 0.596519 0.287310 0.149241 0.179620
24 0.479444 0.420463 0.226093 0.149241
23 0.893657 0.520106 0.184093 0.146565
